SELECT ?s ?o1 ?o2
{
  ?s ?p1 ?o1 .
  ?s ?p2 ?o2 .
} VALUES (?o1 ?o2) {
 (UNDEF "Alan")
 (:b UNDEF)
}

POPValues 5 0 (s,0,5), (p,0,5), (o,0,5),
0, 1, 2,
0, 3, 4,
5, 1, 6,
5, 3, 7,
0, 8, 5,


produce ::  POPValues 2 0 (o1,0,2), (o2,0,2),
2147483647, 0,
1, 2147483647,


join :: 10591 6 0 (s,0,6), (o1,0,6), (o2,0,6), (p1,0,6), (p2,0,6),
1, 3, 3, 2, 2, 
1, 3, 5, 2, 4, 
1, 5, 3, 4, 2, 
1, 5, 5, 4, 4, 
6, 0, 0, 2, 2, 
6, 0, 7, 2, 4, 
join :: 10591 6 0 (s,0,6), (o1,0,6), (o2,0,6), (p1,0,6), (p2,0,6),
6, 0, 1, 2, 8, 
6, 7, 0, 4, 2, 
6, 7, 7, 4, 4, 
6, 7, 1, 4, 8, 
6, 1, 0, 8, 2, 
6, 1, 7, 8, 4, 
produce ::  POPJoinHashMap 1 0 (s,0,1), (o1,0,1), (o2,0,1), (p1,0,1), (p2,0,1),
6, 1, 1, 8, 8, 

POPProjection 6 0 (s,0,6), (o1,0,6), (o2,0,6),
1, 3, 3, 
1, 3, 5, 
1, 5, 3, 
1, 5, 5, 
6, 0, 0, 
6, 0, 7, 
POPProjection 6 0 (s,0,6), (o1,0,6), (o2,0,6),
6, 0, 1, 
6, 7, 0, 
6, 7, 7, 
6, 7, 1, 
6, 1, 0, 
6, 1, 7, 
produce ::  POPProjection 1 0 (s,0,1), (o1,0,1), (o2,0,1),
6, 1, 1, 


---

produce ::  POPJoinHashMap 6 0 (s,0,6), (o1,0,6), (o2,0,6),
6, 0, 0, 
6, 1, 0, 
6, 7, 0, 
6, 7, 0, 
6, 1, 0, 
6, 1, 1, 
produce ::  POPJoinHashMap 1 0 (s,0,1), (o1,0,1), (o2,0,1),
6, 1, 7, 

