No of steps trained:    Best optimization   Worst optimization  Average optimization
1,00,000                        23                  1                   143
10,00,000                        7                  2                   158
1,00,00,000                     27                  6                   134

Redefined training:
No of steps trained:    Best optimization   Worst optimization  Average optimization
1                               0                   7                   160
100                             1                   1                   165
500                             2                   6                   159
1000                            8                  14                   145
5000                            4                   7                   156    
10,000                          6                  15                   146
50,000                          9                  10                   148
1,00,000                       13                   9                   145
5,00,000                       22                   5                   140    
10,00,000                      21                   3                   143
50,00,000                      34                   4                   129
1,00,00,000                    31                   6                   130

New results:
No of steps trained:    0   1   2   3   4   5   6   7   8   9   10  11  12  13  14  Invalid
1                       0   2   1   1   2   7   3   2   2   5   7   2   1   7   7   118
100                     1   0   0   0   0   0   0   0   1   2   0   1   1   1   1   159
500                     2   6   2   8   15  5   9   9   13  11  11  10  7   10  6   43
1000                    8   8   8   13  16  6   10  9   16  15  9   11  10  14  14  0
5000                    4   8   12  8   17  10  16  17  12  10  12  7   12  16  7   0
10000                   6   7   9   9   18  8   15  11  13  14  7   9   13  13  15  0
50000                   9   14  17  11  13  14  9   8   7   7   17  6   7   8   10  10
100000                  13  11  14  9   8   9   13  9   13  9   12  8   9   11  9   10
500000                  22  20  14  11  21  13  9   6   10  8   7   12  6   3   5   0
1000000                 21  17  15  16  20  11  10  6   17  12  6   5   3   5   3   0
5000000                 34  21  14  17  9   12  8   6   12  11  7   6   2   4   4   0
10000000                31  19  9   14  9   6   12  9   12  7   9   5   3   6   6   10
