load_query()
[[(-1, 13, -2), (-1, 20, -4), (-1, 4, -8), (-1, 22, -16)], 
[(-1, 20, -4), (-1, 13, -2), (-1, 4, -8), (-1, 22, -16)], 
[(-1, 4, -8), (-1, 13, -2), (-1, 20, -4), (-1, 22, -16)], 
[(-1, 22, -16), (-1, 13, -2), (-1, 20, -4), (-1, 4, -8)]]

_order_query_by_predicate sorting happens
[[(-1, 4, -8), (-1, 13, -2), (-1, 20, -4), (-1, 22, -16)], 
[(-1, 13, -2), (-1, 20, -4), (-1, 4, -8), (-1, 22, -16)], 
[(-1, 20, -4), (-1, 13, -2), (-1, 4, -8), (-1, 22, -16)], 
[(-1, 22, -16), (-1, 13, -2), (-1, 20, -4), (-1, 4, -8)]]

input for _create_matrix_index_triple_dict
[[(-1, 4, -8), (-1, 13, -2), (-1, 20, -4), (-1, 22, -16)], 
[(-1, 13, -2), (-1, 20, -4), (-1, 4, -8), (-1, 22, -16)], 
[(-1, 20, -4), (-1, 13, -2), (-1, 4, -8), (-1, 22, -16)], 
[(-1, 22, -16), (-1, 13, -2), (-1, 20, -4), (-1, 4, -8)]]

_create_matrix_index_triple_dict returns
{0: (-1, 4, -8), (-1, 4, -8): 0, 
1: (-1, 13, -2), (-1, 13, -2): 1, 
2: (-1, 20, -4), (-1, 20, -4): 2, 
3: (-1, 22, -16), (-1, 22, -16): 3}

input for fill matrix
[[(-1, 4, -8), (-1, 13, -2), (-1, 20, -4), (-1, 22, -16)], 
[(-1, 13, -2), (-1, 20, -4), (-1, 4, -8), (-1, 22, -16)], 
[(-1, 20, -4), (-1, 13, -2), (-1, 4, -8), (-1, 22, -16)], 
[(-1, 22, -16), (-1, 13, -2), (-1, 20, -4), (-1, 4, -8)]]


fill matrix returns
[[[ -2   4  -9]
  [ -1  -1  -1]
  [ -1  -1  -1]
  [ -1  -1  -1]]

 [[ -1  -1  -1]
  [ -2  13  -3]
  [ -1  -1  -1]
  [ -1  -1  -1]]

 [[ -1  -1  -1]
  [ -1  -1  -1]
  [ -2  20  -5]
  [ -1  -1  -1]]

 [[ -1  -1  -1]
  [ -1  -1  -1]
  [ -1  -1  -1]
  [ -2  22 -17]]]

action_list input
4

action list returns
[(0, 1), (0, 2), (0, 3), (1, 2), (1, 3), (2, 3)]

step
    calls Perform_joins

performs join function
Before join:
[[[ -2   1  -5]
  [ -1  -1  -1]
  [ -1  -1  -1]
  [ -1  -1  -1]]

 [[ -1  -1  -1]
  [ -2   7 -17]
  [ -1  -1  -1]
  [ -1  -1  -1]]

 [[ -1  -1  -1]
  [ -1  -1  -1]
  [ -2  14  -3]
  [ -1  -1  -1]]

 [[ -1  -1  -1]
  [ -1  -1  -1]
  [ -1  -1  -1]
  [ -2  15  -9]]]
After join:
[[[ -2   1  -5]
  [ -2   7 -17]
  [ -1  -1  -1]
  [ -1  -1  -1]]

 [[  0   0   0]
  [  0   0   0]
  [  0   0   0]
  [  0   0   0]]

 [[ -1  -1  -1]
  [ -1  -1  -1]
  [ -2  14  -3]
  [ -1  -1  -1]]

 [[ -1  -1  -1]
  [ -1  -1  -1]
  [ -1  -1  -1]
  [ -2  15  -9]]]
Before join:
[[[ -2   1  -5]
  [ -2   7 -17]
  [ -1  -1  -1]
  [ -1  -1  -1]]

 [[  0   0   0]
  [  0   0   0]
  [  0   0   0]
  [  0   0   0]]

 [[ -1  -1  -1]
  [ -1  -1  -1]
  [ -2  14  -3]
  [ -1  -1  -1]]

 [[ -1  -1  -1]
  [ -1  -1  -1]
  [ -1  -1  -1]
  [ -2  15  -9]]]
After join:
[[[ -2   1  -5]
  [ -2   7 -17]
  [ -2  14  -3]
  [ -1  -1  -1]]

 [[  0   0   0]
  [  0   0   0]
  [  0   0   0]
  [  0   0   0]]

 [[  0   0   0]
  [  0   0   0]
  [  0   0   0]
  [  0   0   0]]

 [[ -1  -1  -1]
  [ -1  -1  -1]
  [ -1  -1  -1]
  [ -2  15  -9]]]
Before join:
[[[ -2   1  -5]
  [ -2   7 -17]
  [ -2  14  -3]
  [ -1  -1  -1]]

 [[  0   0   0]
  [  0   0   0]
  [  0   0   0]
  [  0   0   0]]

 [[  0   0   0]
  [  0   0   0]
  [  0   0   0]
  [  0   0   0]]

 [[ -1  -1  -1]
  [ -1  -1  -1]
  [ -1  -1  -1]
  [ -2  15  -9]]]
After join:
[[[ -2   1  -5]
  [ -2   7 -17]
  [ -2  14  -3]
  [ -2  15  -9]]

 [[  0   0   0]
  [  0   0   0]
  [  0   0   0]
  [  0   0   0]]

 [[  0   0   0]
  [  0   0   0]
  [  0   0   0]
  [  0   0   0]]

 [[  0   0   0]
  [  0   0   0]
  [  0   0   0]
  [  0   0   0]]]
Before join:
[[[ -2   1  -5]
  [ -1  -1  -1]
  [ -1  -1  -1]
  [ -1  -1  -1]]

 [[ -1  -1  -1]
  [ -2   7 -17]
  [ -1  -1  -1]
  [ -1  -1  -1]]

 [[ -1  -1  -1]
  [ -1  -1  -1]
  [ -2  14  -3]
  [ -1  -1  -1]]

 [[ -1  -1  -1]
  [ -1  -1  -1]
  [ -1  -1  -1]
  [ -2  15  -9]]]
After join:
[[[ -2   1  -5]
  [ -1  -1  -1]
  [ -1  -1  -1]
  [ -1  -1  -1]]

 [[ -1  -1  -1]
  [ -2   7 -17]
  [ -2  14  -3]
  [ -1  -1  -1]]

 [[  0   0   0]
  [  0   0   0]
  [  0   0   0]
  [  0   0   0]]

 [[ -1  -1  -1]
  [ -1  -1  -1]
  [ -1  -1  -1]
  [ -2  15  -9]]]
Before join:
[[[ -2   1  -5]
  [ -1  -1  -1]
  [ -1  -1  -1]
  [ -1  -1  -1]]

 [[ -1  -1  -1]
  [ -2   7 -17]
  [ -2  14  -3]
  [ -1  -1  -1]]

 [[  0   0   0]
  [  0   0   0]
  [  0   0   0]
  [  0   0   0]]

 [[ -1  -1  -1]
  [ -1  -1  -1]
  [ -1  -1  -1]
  [ -2  15  -9]]]
After join:
[[[ -2   1  -5]
  [ -1  -1  -1]
  [ -1  -1  -1]
  [ -1  -1  -1]]

 [[ -1  -1  -1]
  [ -2   7 -17]
  [ -2  14  -3]
  [ -2  15  -9]]

 [[  0   0   0]
  [  0   0   0]
  [  0   0   0]
  [  0   0   0]]

 [[  0   0   0]
  [  0   0   0]
  [  0   0   0]
  [  0   0   0]]]


